1.017821988379872034e+00
1.015414284204397832e+00
1.016157588737217177e+00
1.016337999987131591e+00
1.019345436495266544e+00
1.027685412525508601e+00
1.036163747573238814e+00
1.039307690367089476e+00
1.038323571053892502e+00
1.033932672007076059e+00
1.033236988321290184e+00
1.033293544687793108e+00
1.033463817703529131e+00
1.037228103548203606e+00
1.038885257369532633e+00
1.052209540696849688e+00
1.045747986768525761e+00
1.066895693181602267e+00
1.104602395516806279e+00
1.129665213616259045e+00
1.139389891124304999e+00
1.139590313254500664e+00
1.135904821683187516e+00
1.116253365550825105e+00
1.111131791152881743e+00
1.102575496236565034e+00
1.101983168463334328e+00
1.101084396294748524e+00
1.102548570839271713e+00
1.123461673579003284e+00
1.166863453108159865e+00
1.195729678273299124e+00
1.118737236263779522e+00
1.161435794584233516e+00
1.238117515855575945e+00
1.290606275732188557e+00
1.311869491229453066e+00
1.312323818162163702e+00
1.303516795076441914e+00
1.251051043465755797e+00
1.235345848703455429e+00
1.203862472694807728e+00
1.200948207314902039e+00
1.181645108545828160e+00
1.180009111003262445e+00
1.200777032882554884e+00
1.275532585513045714e+00
1.331765792792692471e+00
1.194964790022830625e+00
1.258605988206708215e+00
1.347580581183247528e+00
1.374161386451103084e+00
1.450621595310030099e+00
1.455070765294215418e+00
1.488732271055023926e+00
1.489465152622684974e+00
1.474863161608796824e+00
1.383812078625996200e+00
1.355251841733351448e+00
1.295340869376258031e+00
1.289464292643329513e+00
1.246152953336201241e+00
1.240222705598335251e+00
1.257812719316612426e+00
1.368584506346572027e+00
1.457791230602274002e+00
1.309022261202083870e+00
1.403334370527524078e+00
1.536720312122270560e+00
1.577133057373761638e+00
1.694889112353049399e+00
1.701889215271168432e+00
1.755156010745754891e+00
1.756334140112528086e+00
1.732274372181255684e+00
1.577117195201614974e+00
1.526910756406228309e+00
1.419042181274051462e+00
1.408116355314018575e+00
1.324333739372293151e+00
1.311290524894814569e+00
1.325575308843591538e+00
1.502986591243428149e+00
1.652475255112197283e+00
1.309022261202083870e+00
1.403334370527524078e+00
1.536720312122270560e+00
1.577133057373761638e+00
1.694889112353049399e+00
1.701889215271168432e+00
1.755156010745754891e+00
1.756334140112528086e+00
1.732274372181255684e+00
1.577117195201614974e+00
1.526910756406228309e+00
1.419042181274051462e+00
1.408116355314018575e+00
1.324333739372293151e+00
1.311290524894814569e+00
1.325575308843591538e+00
1.502986591243428149e+00
1.652475255112197283e+00
1.572494787144403272e+00
1.738016148637059111e+00
1.976904120630311290e+00
2.050958524233403857e+00
2.270524867844222694e+00
2.284013566331577927e+00
2.386952271934023262e+00
2.389265444053605858e+00
2.340497980332616468e+00
2.015910551719189314e+00
1.907997001410061566e+00
1.673336927405496555e+00
1.648960192082909337e+00
1.461117897168288549e+00
1.430998060889264512e+00
1.454048300051247189e+00
1.844338799275991203e+00
2.179196531180216834e+00
1.794594772214858969e+00
2.021514691783327766e+00
2.353014473117697403e+00
2.457194505246907745e+00
2.768638019844466225e+00
2.788152361115848965e+00
2.936771427094841957e+00
2.940127310828658302e+00
2.868170087692272663e+00
2.383979378283791029e+00
2.221484192127332058e+00
1.868409003663416001e+00
1.831385915456121838e+00
1.549817059439758005e+00
1.505631278776877746e+00
1.554877236628021464e+00
2.179582896053084085e+00
2.712099537058329624e+00
1.016312820174055442e+00
1.014136145524393351e+00
1.014891710740040587e+00
1.015067881016363360e+00
1.017962278679460653e+00
1.026002889550076347e+00
1.034081002852450970e+00
1.037072541043292384e+00
1.031410365263638163e+00
1.031572579517249233e+00
1.031748554855515643e+00
1.035489400169573804e+00
1.037113354707459800e+00
1.050058390599390989e+00
1.044260218534686979e+00
1.064929103323999149e+00
1.101783656542365986e+00
1.126263165878797379e+00
1.135749583706979315e+00
1.135944866133593134e+00
1.108397872442853593e+00
1.100242436843625216e+00
1.099688996274104325e+00
1.099079855371970504e+00
1.100584735300610184e+00
1.121397475226656670e+00
1.164109741827452638e+00
1.192420511091353719e+00
1.117085897641945325e+00
1.159320674843301369e+00
1.235151693318258026e+00
1.287028662885496777e+00
1.308028933183508657e+00
1.308477398386012513e+00
1.232671583109680835e+00
1.201761772722310440e+00
1.198906747826794295e+00
1.180082993917688672e+00
1.178532132476342920e+00
1.199358191425890174e+00
1.273394763514395844e+00
1.328974446119143726e+00
1.193225957420977812e+00
1.256396100992365650e+00
1.344695470789388780e+00
1.371068106742089121e+00
1.446911244565119103e+00
1.451322793105315201e+00
1.484695310752872865e+00
1.485421662624989203e+00
1.352576988438985328e+00
1.293351894240073241e+00
1.287547196243793435e+00
1.244817229543144776e+00
1.238990802563648685e+00
1.256653062617526517e+00
1.366532288757324132e+00
1.454922279000451901e+00
1.307032647710484774e+00
1.400811204829865098e+00
1.533417895921245666e+00
1.573585843520475036e+00
1.690606917783614271e+00
1.697561115653432040e+00
1.750475188582027997e+00
1.751645279571527380e+00
1.523966756649116627e+00
1.416979007197177509e+00
1.406146211902761456e+00
1.323102081656520435e+00
1.310186334109064266e+00
1.324497523399560839e+00
1.500608361957010306e+00
1.648934220941965068e+00
1.307032647710484774e+00
1.400811204829865098e+00
1.533417895921245666e+00
1.573585843520475036e+00
1.690606917783614271e+00
1.697561115653432040e+00
1.750475188582027997e+00
1.751645279571527380e+00
1.523966756649116627e+00
1.416979007197177509e+00
1.406146211902761456e+00
1.323102081656520435e+00
1.310186334109064266e+00
1.324497523399560839e+00
1.500608361957010306e+00
1.648934220941965068e+00
1.570765041912134619e+00
1.735813580354902630e+00
1.973993147892869615e+00
2.047818936635520615e+00
2.266689725435581781e+00
2.280133351915825557e+00
2.382728620306410416e+00
2.385033941115576539e+00
1.905535279739427601e+00
1.671762284041033109e+00
1.647479991733130200e+00
1.460351205135356434e+00
1.430342852717853441e+00
1.453254627404787724e+00
1.841901873154619285e+00
2.175356167412908714e+00
1.793057119056814974e+00
2.019547281706747022e+00
2.350395130540425370e+00
2.454361609426793933e+00
2.765152720495221317e+00
2.784623807555348218e+00
2.932916647388768006e+00
2.936265099197074235e+00
2.219328403103694392e+00
1.867100591374273311e+00
1.830168282096949817e+00
1.549260396818789021e+00
1.505170065329935802e+00
1.554179615534950321e+00
2.177112675101206207e+00
2.708149871126486197e+00
1.014883046730187699e+00
1.014474282668123450e+00
1.012988997063564378e+00
1.012921237457010459e+00
1.013682152279394622e+00
1.013853427876703961e+00
1.016629941808993687e+00
1.032065785342102693e+00
1.034909050465482094e+00
1.034028736396580328e+00
1.030196796504436074e+00
1.029636937289408749e+00
1.029895174036019823e+00
1.030075829125215892e+00
1.033784127093499094e+00
1.035372931796069151e+00
1.042915752841248267e+00
1.063149418174561545e+00
1.123180370109555959e+00
1.132451013135340689e+00
1.132641646267450897e+00
1.129148099036904940e+00
1.110673174213437475e+00
1.105915441921646591e+00
1.098119097885120077e+00
1.097600379304561447e+00
1.097248387677602244e+00
1.098788740679321085e+00
1.125259220714532216e+00
1.161587123902816820e+00
1.189393875829900526e+00
1.115443016578539615e+00
1.157215747964485564e+00
1.283468039426643115e+00
1.304206910791390728e+00
1.304649551233370675e+00
1.296082553000097892e+00
1.245192770350447065e+00
1.230006774833694028e+00
1.199665529985711521e+00
1.196869197351975167e+00
1.178520197514621559e+00
1.177053581164823060e+00
1.206781089248807337e+00
1.271259575133568021e+00
1.326191381123044133e+00
1.375828878538495559e+00
1.191275656184912046e+00
1.253917221393124004e+00
1.341459191921368976e+00
1.442749828417900559e+00
1.447119224390164272e+00
1.480167964252471879e+00
1.480887001977351014e+00
1.466575771395777217e+00
1.377478723532409965e+00
1.349574152029114904e+00
1.291116492931178916e+00
1.285392204046269971e+00
1.243312742786958580e+00
1.237602520562611108e+00
1.267426803442089245e+00
1.364228622799364965e+00
1.451706228117666253e+00
1.532688935582381617e+00
1.305294574013669440e+00
1.398607038862562435e+00
1.530533176513784399e+00
1.686866834353505151e+00
1.693780971193701301e+00
1.746387217335300779e+00
1.747550293678026279e+00
1.723813102413779941e+00
1.570854741474666971e+00
1.521393784368007873e+00
1.415174351801892882e+00
1.404422697660764330e+00
1.322022899180322675e+00
1.309218441705130909e+00
1.341818663982213389e+00
1.498532534658535198e+00
1.645845750347341596e+00
1.784435817767631605e+00
1.305294574013669440e+00
1.398607038862562435e+00
1.530533176513784399e+00
1.686866834353505151e+00
1.693780971193701301e+00
1.746387217335300779e+00
1.747550293678026279e+00
1.723813102413779941e+00
1.570854741474666971e+00
1.521393784368007873e+00
1.415174351801892882e+00
1.404422697660764330e+00
1.322022899180322675e+00
1.309218441705130909e+00
1.341818663982213389e+00
1.498532534658535198e+00
1.645845750347341596e+00
1.784435817767631605e+00
1.569036400237688644e+00
1.733612498635248356e+00
1.971084320629087339e+00
2.262857747338231640e+00
2.276256360951987912e+00
2.378508617770518363e+00
2.380806096895009105e+00
2.332384493380646795e+00
2.010175896538779039e+00
1.903074745358656283e+00
1.670187652383946730e+00
1.645999673596286295e+00
1.459583635711455329e+00
1.429686719912097281e+00
1.492098272643107126e+00
1.839469217798947565e+00
2.171523224835325117e+00
2.486703625355998426e+00
1.355613196763094219e+00
1.791520012952513508e+00
2.017580635740120254e+00
2.347776926475223291e+00
2.761669145347470877e+00
2.781097013876614898e+00
2.929063872122549927e+00
2.932404897329611071e+00
2.860780808370284145e+00
2.378883278894822872e+00
2.217173213245103192e+00
1.865792131443298585e+00
1.828950527647607904e+00
1.548703236201141920e+00
1.504708349069165285e+00
1.618130745328862252e+00
2.174645354635014627e+00
2.704205075741391351e+00
3.206979107686461106e+00
